Summary of the results:
Upper Truncated Trail:
Rounds  x                 y         l         RK        ak        z        
----------------------------------------------------------------------------
0       0000000001000000  00000000  00000000  00000000  00000000  00000000 
1       0000000100000000  00000001  00001000  00001000  00000000  00000000 
2       0000000000000001  00000000  00000000  00000000  00000000  00000000 
3       0000010000000000  00000100  00000010  00000010  00000000  00000000 
4       0000000000000100  00000000  00000000  00000100  00000100  00000100 
5       0000000000000000  00000000  00000000  00000000  00000000  00000000 
6       0000000000000000  00000000  00000000  00000000  00000000  00000000 
7       0000000000000000  00000000  00000000  00000010  00000010  00000010 
8       0000100000000000  00001000  00001101  00000100  00001101  00001101 
9       0011010000001000  none      none      none      none      none     
Lower Truncated Trail:
Rounds  x                 y         l         RK        ak        z        
----------------------------------------------------------------------------
0       0000000001000100  00000000  00000000  01000000  01000000  01000000 
1       0001000000000000  00010000  10000000  10000000  00000000  00000000 
2       0000000000010000  00000000  00000000  00000000  00000000  00000000 
3       0100000000000000  01000000  00100000  00100000  00000000  00000000 
4       0000000001000000  00000000  00000000  01000000  01000000  01000000 
5       0000000000000000  00000000  00000000  00000000  00000000  00000000 
6       0000000000000000  00000000  00000000  00000000  00000000  00000000 
7       0000000000000000  00000000  00000000  00100000  00100000  00100000 
8       1000000000000000  none      none      none      none      none     
Upper differential trail:
Rounds  x                 y         l         RK        ak        z         KS                                  pr      rw      kw     
------------------------------------------------------------------------------------------------------------------------------------
0       0000000002000000  00000000  00000000  00000000  00000000  00000000  00000000000020000002000000000020    -0      -0      -0     
1       0000000200000000  00000002  00002000  00002000  00000000  00000000  00002000000200000000002000000000    -2      -2      -0     
2       0000000000000002  00000000  00000000  00000000  00000000  00000000  00000000000000200000000000002000    -0      -0      -0     
3       0000020000000000  00000200  00000020  00000020  00000000  00000000  00000020000000000000200000000000    -2      -2      -0     
4       0000000000000200  00000000  00000000  00000200  00000200  00000200  00000200000020000000000000000020    -2      -2      -0     
5       0000000000000000  00000000  00000000  00000000  00000000  00000000  00000000000000000000002000000200    -0      -0      -0     
6       0000000000000000  00000000  00000000  00000000  00000000  00000000  00000000000000200000020000000000    -0      -0      -0     
7       0000000000000000  00000000  00000000  00000020  00000020  00000020  00000020000002000000000000000000    -2      -2      -0     
8       0000200000000000  none      none      none      none      none      none                                none    none    none   
Master key diff: 00000020000002000000200000020000
Weight: -8.00
Lower differential trail:
Rounds  x                 y         l         RK        ak        z         KS                                  pr      rw      kw     
------------------------------------------------------------------------------------------------------------------------------------
0       0001000000000000  00050000  50000000  50000000  00000000  00000000  50000000000000050010000004000000    -2      -2      -0     
1       0000000000010000  00000000  00000000  00000000  00000000  00000000  00000000001000000400000050000000    -0      -0      -0     
2       0100000000000000  01000000  00100000  00100000  00000000  00000000  00100000040000005000000000000000    -2      -2      -0     
3       0000000001000000  00000000  00000000  05000000  05000000  01000000  05000000500000000000000000100000    -2      -2      -0     
4       0000000000000000  00000000  00000000  00000000  00000000  00000000  00000000000000000010000005000000    -0      -0      -0     
5       0000000000000000  00000000  00000000  00000000  00000000  00000000  00000000001000000500000000000000    -0      -0      -0     
6       0000000000000000  00000000  00000000  00100000  00100000  00300000  00100000050000000000000000000000    -2      -2      -0     
7       3000000000000000  none      none      none      none      none      none                                none    none    none   
Master key diff: 0010000005000E000000E00000000000
Weight: -8.00
Sandwich 1 rounds in the middle with 0 active S-boxes
Total probability = p^2*q^2*r = 2^(-16.00) x 2^(-16.00) x r
Total solving time: 89.954736 seconds
