Rounds  x                 y         l         RK        ak        z         KS                                  pr      rw      kw     
------------------------------------------------------------------------------------------------------------------------------------
0       0001000000000000  00050000  50000000  50000000  00000000  00000000  50000000000000050010000004000000    -2      -2      -0     
1       0000000000010000  00000000  00000000  00000000  00000000  00000000  00000000001000000400000050000000    -0      -0      -0     
2       0100000000000000  01000000  00100000  00100000  00000000  00000000  00100000040000005000000000000000    -2      -2      -0     
3       0000000001000000  00000000  00000000  05000000  05000000  01000000  05000000500000000000000000100000    -2      -2      -0     
4       0000000000000000  00000000  00000000  00000000  00000000  00000000  00000000000000000010000005000000    -0      -0      -0     
5       0000000000000000  00000000  00000000  00000000  00000000  00000000  00000000001000000500000000000000    -0      -0      -0     
6       0000000000000000  00000000  00000000  00100000  00100000  00300000  00100000050000000000000000000000    -2      -2      -0     
7       3000000000000000  none      none      none      none      none      none                                none    none    none   
Master key diff: 0010000005000E000000E00000000000
Weight: -8.00
