Rounds  x                 y         l         RK        ak        z         KS                                  pr      rw      kw     
------------------------------------------------------------------------------------------------------------------------------------
0       0000000002000000  00000000  00000000  00000000  00000000  00000000  00000000000020000002000000000020    -0      -0      -0     
1       0000000200000000  00000002  00002000  00002000  00000000  00000000  00002000000200000000002000000000    -2      -2      -0     
2       0000000000000002  00000000  00000000  00000000  00000000  00000000  00000000000000200000000000002000    -0      -0      -0     
3       0000020000000000  00000200  00000020  00000020  00000000  00000000  00000020000000000000200000000000    -2      -2      -0     
4       0000000000000200  00000000  00000000  00000200  00000200  00000200  00000200000020000000000000000020    -2      -2      -0     
5       0000000000000000  00000000  00000000  00000000  00000000  00000000  00000000000000000000002000000200    -0      -0      -0     
6       0000000000000000  00000000  00000000  00000000  00000000  00000000  00000000000000200000020000000000    -0      -0      -0     
7       0000000000000000  00000000  00000000  00000020  00000020  00000020  00000020000002000000000000000000    -2      -2      -0     
8       0000200000000000  none      none      none      none      none      none                                none    none    none   
Master key diff: 00000020000002000000200000020000
Weight: -8.00
