Rounds  x                 y         l         RK        ak        z         KS                                  pr      rw      kw     
------------------------------------------------------------------------------------------------------------------------------------
0       0000000000000005  00000000  00000000  00000000  00000000  00000000  0000000000000040000009000000D000    -0      -0      -0     
1       0000050000000000  00000400  00000040  00000040  00000000  00000000  00000040000009000000D00000000000    -2      -2      -0     
2       0000000000000500  00000000  00000000  00000D00  00000D00  00000500  00000D000000D0000000000000000040    -2      -2      -0     
3       0000000000000000  00000000  00000000  00000000  00000000  00000000  00000000000000000000004000000D00    -0      -0      -0     
4       0000000000000000  00000000  00000000  00000000  00000000  00000000  000000000000004000000D0000000000    -0      -0      -0     
5       0000000000000000  00000000  00000000  00000040  00000040  00000040  0000004000000D000000000000000000    -2      -2      -0     
6       0000400000000000  none      none      none      none      none      none                                none    none    none   
Master key diff: 0000004009000D009000000000000000
Weight: -6.00
