Rounds  x                 y         l         RK        ak        z         KS                                  pr      rw      kw     
------------------------------------------------------------------------------------------------------------------------------------
0       0000000000000200  00000000  00000000  00000000  00000000  00000000  00000000200000000000000200200000    -0      -0      -0     
1       0002000000000000  00020000  20000000  20000000  00000000  00000000  20000000000000020020000000000000    -2      -2      -0     
2       0000000000020000  00000000  00000000  00000000  00000000  00000000  00000000002000000000000020000000    -0      -0      -0     
3       0200000000000000  02000000  00200000  00200000  00000000  00000000  00200000000000002000000000000000    -2      -2      -0     
4       0000000002000000  00000000  00000000  02000000  02000000  02000000  02000000200000000000000000200000    -2      -2      -0     
5       0000000000000000  00000000  00000000  00000000  00000000  00000000  00000000000000000020000002000000    -0      -0      -0     
6       0000000000000000  00000000  00000000  00000000  00000000  00000000  00000000002000000200000000000000    -0      -0      -0     
7       0000000000000000  00000000  00000000  00200000  00200000  00200000  00200000020000000000000000000000    -2      -2      -0     
8       2000000000000000  none      none      none      none      none      none                                none    none    none   
Master key diff: 00200000020000002000000000000002
Weight: -8.00
